-45.96002095429614 120.75547247008636 23.552451445055947 
-36.66151993593568 82.51496233288664 13.797917297353083 
-36.66151993593568 82.51496233288664 13.797917297353083 
-27.26271811367841 74.8823776648393 8.413325602110294 
-33.69276055731792 84.93765529125385 11.522715791096795 
-27.26271811367841 74.8823776648393 8.413325602110294 
-53.68094874766703 163.7459929666028 35.057531031087876 
-36.636826299540246 80.77392732891845 12.616831944582984 
-24.79856907121318 60.596711244165725 6.005622898816897 
-24.79856907121318 60.596711244165725 6.005622898816897 
-33.29618741292129 76.9877487677482 14.75338270419877 
-40.06962136310684 91.23128021036904 16.99323009709338 
-42.533770405572064 105.51694663104261 19.40093280038678 
-42.533770405572064 105.51694663104261 19.40093280038678 
-33.29618741292129 76.9877487677482 14.75338270419877 
-37.12555562088451 95.39500817270444 15.899113943607196 
-40.06962136310684 91.23128021036904 16.99323009709338 
-10.960881982958004 26.421788557179607 6.040112012941778 
-30.20678385590074 70.71864970250391 9.507441755596483 
-30.20678385590074 70.71864970250391 9.507441755596483 
-24.479871201062572 58.14949243192762 8.056251047678884 
-24.479871201062572 58.14949243192762 8.056251047678884 
-33.69276055731792 84.93765529125385 11.522715791096795 
-31.25330515124812 72.39302387454845 10.296098440573497 
-24.823262707608613 62.337746248133904 7.186708251586998 
-24.823262707608613 62.337746248133904 7.186708251586998 
-18.02513512102763 46.3531798015449 3.765775505922285 
-18.02513512102763 46.3531798015449 3.765775505922285 
-24.45517756466714 56.40845742795944 6.875165694908785 
-24.45517756466714 56.40845742795944 6.875165694908785 
-29.88808598575013 68.2714308902658 11.55806990445847 
-31.25330515124812 72.39302387454845 10.296098440573497 
-29.88808598575013 68.2714308902658 11.55806990445847 
-53.130157507963425 162.5113880305232 35.73373407598566 
-53.130157507963425 162.5113880305232 35.73373407598566 
-53.68094874766703 163.7459929666028 35.057531031087876 
-51.832271423932525 143.75745676824232 29.15546694808965 
-51.832271423932525 143.75745676824232 29.15546694808965 
-53.705642384062465 165.48702797057098 36.23861638385797 
-52.591947212118995 151.08928254039068 37.059689561244724 
-52.591947212118995 151.08928254039068 37.059689561244724 
-52.591947212118995 151.08928254039068 37.059689561244724 
-51.85696506032795 145.49849177221049 30.336552300859747 
-51.85696506032795 145.49849177221049 30.336552300859747 
-45.96002095429614 120.75547247008636 23.552451445055947 
-49.39281601786273 131.21282535153694 27.92884959756635 
-49.39281601786273 131.21282535153694 27.92884959756635 
-47.848685120662324 132.06549895071214 25.455271840477035 
-47.848685120662324 132.06549895071214 25.455271840477035 
-10.960881982958004 26.421788557179607 6.040112012941778 
-53.130157507963425 162.5113880305232 35.73373407598566 
-52.016462336019956 148.11364260034293 36.55480725337241 
-52.016462336019956 148.11364260034293 36.55480725337241 
-48.81733114176369 128.23718541148915 27.423967289694037 
-36.636826299540246 80.77392732891845 12.616831944582984 
-46.26449280578453 125.01546462948987 26.06556922756641 
-48.424169996761364 135.0411388907599 25.96015414834935 
-48.424169996761364 135.0411388907599 25.96015414834935 
-48.399476360365924 133.30010388679173 24.779068795579246 
-45.9353273179007 119.01443746611817 22.37136609228585 
-45.9353273179007 119.01443746611817 22.37136609228585 
-42.99126157567838 123.17816542845357 21.277249938799663 
-42.83169774221793 114.55811174803928 21.689171075056013 
-42.99126157567838 123.17816542845357 21.277249938799663 
-40.52711253321315 108.89249900777999 18.869547235506264 
-40.52711253321315 108.89249900777999 18.869547235506264 
-48.399476360365924 133.30010388679173 24.779068795579246 
-48.81733114176369 128.23718541148915 27.423967289694037 
-45.35984244180166 116.03879752607041 21.866483784413536 
-46.26449280578453 125.01546462948987 26.06556922756641 
-42.83169774221793 114.55811174803928 21.689171075056013 
-45.35984244180166 116.03879752607041 21.866483784413536 
-51.28148018422891 142.52285183216273 29.831669992987432 
-52.016462336019956 148.11364260034293 36.55480725337241 
-54.48061137848518 162.39930902101648 38.962509956665805 
-51.991768699624515 146.37260759637473 35.373721900602305 
-54.455917742089746 160.6582740170483 37.78142460389571 
-52.567253575723555 149.34824753642252 35.87860420847462 
-54.455917742089746 160.6582740170483 37.78142460389571 
-56.329288702219685 182.38784521937697 44.86457403966403 
-56.88007994192329 183.6224501554566 44.188370994766245 
-54.48061137848518 162.39930902101648 38.962509956665805 
-56.30459506582425 180.6468102154088 43.68348868689393 
-56.329288702219685 182.38784521937697 44.86457403966403 
-56.30459506582425 180.6468102154088 43.68348868689393 
-56.30459506582425 180.6468102154088 43.68348868689393 
-53.10546387156799 160.77035302655503 34.55264872321556 
-51.28148018422891 142.52285183216273 29.831669992987432 
-53.10546387156799 160.77035302655503 34.55264872321556 
-54.455917742089746 160.6582740170483 37.78142460389571 
-48.79263750536826 126.496150407521 26.242881936923936 
-48.79263750536826 126.496150407521 26.242881936923936 
-51.256786547833485 140.78181682819454 28.650584640217335 
-51.256786547833485 140.78181682819454 28.650584640217335 
-47.823991484266884 130.32446394674395 24.274186487706935 
-47.823991484266884 130.32446394674395 24.274186487706935 
-48.79263750536826 126.496150407521 26.242881936923936 
-47.823991484266884 130.32446394674395 24.274186487706935 
-51.991768699624515 146.37260759637473 35.373721900602305 
-47.823991484266884 130.32446394674395 24.274186487706935 
