-38.48435973062509 123.86025170889064 27.584365123018067 
-34.655806186959595 119.09181020938992 26.890197118877882 
-22.474157452086487 94.7263403084309 21.14853086920368 
-27.882372236774042 104.84827876676908 24.650349725983272 
-29.3484962706134 110.00267430722238 24.49611862603601 
-34.756711055300954 120.12461276556056 27.9979374828156 
-34.49377269305538 126.34960549918148 25.701592284554863 
-34.49377269305538 126.34960549918148 25.701592284554863 
-38.45966609422966 122.11921670492245 26.403279770247966 
-40.923815136694884 136.40488312559603 28.81098247354136 
-22.91845382697389 99.94739668080783 21.386728437049513 
-22.91845382697389 99.94739668080783 21.386728437049513 
-41.60352090483721 133.52628769789416 39.493651881346516 
-29.3484962706134 110.00267430722238 24.49611862603601 
-29.3484962706134 110.00267430722238 24.49611862603601 
-38.48435973062509 123.86025170889064 27.584365123018067 
