-35.93152139464593 120.63853092689135 26.22596706089044 
-26.82035157102967 108.52198852919125 24.318805916678485 
-29.3484962706134 110.00267430722238 24.49611862603601 
-36.19530612014966 123.40434923955598 35.99183302456693 
-25.987198171472475 92.065887002219 25.17579742048787 
-36.19530612014966 123.40434923955598 35.99183302456693 
-26.82035157102967 108.52198852919125 24.318805916678485 
-29.3484962706134 110.00267430722238 24.49611862603601 
-29.3484962706134 110.00267430722238 24.49611862603601 
-36.12193022079895 124.24620574984321 26.735966018930622 
-26.82035157102967 108.52198852919125 24.318805916678485 
-40.923815136694884 136.40488312559603 28.81098247354136 
-36.19530612014966 123.40434923955598 35.99183302456693 
-36.19530612014966 123.40434923955598 35.99183302456693 
-34.34662879641515 103.41581304119552 30.0897689415687 
-43.95430720532005 157.33232034658963 36.644731266580756 
-20.62548012835198 74.73780411007041 15.246466786205456 
-41.60352090483721 133.52628769789416 39.493651881346516 
