-24.79856907121318 60.596711244165725 6.005622898816897 
-27.26271811367841 74.8823776648393 8.413325602110294 
-24.823262707608613 62.337746248133904 7.186708251586998 
-24.79856907121318 60.596711244165725 6.005622898816897 
-26.628507419248287 65.00626404688855 13.797052298116286 
-27.26271811367841 74.8823776648393 8.413325602110294 
-18.049828757423064 48.094214805513076 4.946860858692386 
-18.756143592095505 40.598659167876804 7.887530738043303 
-33.320881049316725 78.7287837717164 15.934468056968871 
-18.756143592095505 40.598659167876804 7.887530738043303 
-52.591947212118995 151.08928254039068 37.059689561244724 
-24.479871201062572 58.14949243192762 8.056251047678884 
-42.5584640419675 107.25798163501078 20.582018153156877 
-53.705642384062465 165.48702797057098 36.23861638385797 
-39.1256689784009 96.80062875356019 16.20562000064648 
-40.094314999502274 92.97231521433723 18.17431544986348 
-24.479871201062572 58.14949243192762 8.056251047678884 
-40.094314999502274 92.97231521433723 18.17431544986348 
-18.02513512102763 46.3531798015449 3.765775505922285 
-52.591947212118995 151.08928254039068 37.059689561244724 
-43.2687525573631 111.10773739922281 26.12407006077175 
-51.85696506032795 145.49849177221049 30.336552300859747 
-56.904773578318725 185.36348515942476 45.36945634753634 
-39.1256689784009 96.80062875356019 16.20562000064648 
-33.320881049316725 78.7287837717164 15.934468056968871 
-24.45517756466714 56.40845742795944 6.875165694908785 
-31.25330515124812 72.39302387454845 10.296098440573497 
-24.823262707608613 62.337746248133904 7.186708251586998 
-43.293446193758534 112.84877240319098 27.30515541354185 
-54.48061137848518 162.39930902101648 38.962509956665805 
-42.533770405572064 105.51694663104261 19.40093280038678 
-36.66151993593568 82.51496233288664 13.797917297353083 
-31.25330515124812 72.39302387454845 10.296098440573497 
-56.904773578318725 185.36348515942476 45.36945634753634 
-31.228611514852687 70.65198887058027 9.115013087803396 
-43.293446193758534 112.84877240319098 27.30515541354185 
-45.96002095429614 120.75547247008636 23.552451445055947 
-51.28148018422891 142.52285183216273 29.831669992987432 
-43.2687525573631 111.10773739922281 26.12407006077175 
-36.66151993593568 82.51496233288664 13.797917297353083 
-31.228611514852687 70.65198887058027 9.115013087803396 
-18.02513512102763 46.3531798015449 3.765775505922285 
-56.88007994192329 183.6224501554566 44.188370994766245 
-24.45517756466714 56.40845742795944 6.875165694908785 
-55.031402618188785 163.6339139570961 38.28630691176802 
-52.016462336019956 148.11364260034293 36.55480725337241 
-33.69276055731792 84.93765529125385 11.522715791096795 
-42.533770405572064 105.51694663104261 19.40093280038678 
-36.636826299540246 80.77392732891845 12.616831944582984 
-42.99126157567838 123.17816542845357 21.277249938799663 
-39.10097534200547 95.05959374959203 15.024534647876381 
-51.832271423932525 143.75745676824232 29.15546694808965 
-40.52711253321315 108.89249900777999 18.869547235506264 
-48.424169996761364 135.0411388907599 25.96015414834935 
-49.39281601786273 131.21282535153694 27.92884959756635 
-40.06962136310684 91.23128021036904 16.99323009709338 
-39.10097534200547 95.05959374959203 15.024534647876381 
-33.69276055731792 84.93765529125385 11.522715791096795 
-55.05609625458422 165.37494896106426 39.46739226453812 
-49.3681223814673 129.47179034756874 26.747764244796247 
-51.991768699624515 146.37260759637473 35.373721900602305 
-40.06962136310684 91.23128021036904 16.99323009709338 
-56.30459506582425 180.6468102154088 43.68348868689393 
-42.99126157567838 123.17816542845357 21.277249938799663 
-45.96002095429614 120.75547247008636 23.552451445055947 
-48.81733114176369 128.23718541148915 27.423967289694037 
-49.39281601786273 131.21282535153694 27.92884959756635 
-52.567253575723555 149.34824753642252 35.87860420847462 
-36.636826299540246 80.77392732891845 12.616831944582984 
-56.30459506582425 180.6468102154088 43.68348868689393 
-33.29618741292129 76.9877487677482 14.75338270419877 
-53.68094874766703 163.7459929666028 35.057531031087876 
-29.88808598575013 68.2714308902658 11.55806990445847 
-54.455917742089746 160.6582740170483 37.78142460389571 
-45.3845360781971 117.77983253003858 23.047569137183636 
-46.26449280578453 125.01546462948987 26.06556922756641 
-29.863392349354697 66.53039588629761 10.376984551688372 
-29.88808598575013 68.2714308902658 11.55806990445847 
-40.52711253321315 108.89249900777999 18.869547235506264 
-29.863392349354697 66.53039588629761 10.376984551688372 
-42.83169774221793 114.55811174803928 21.689171075056013 
-51.991768699624515 146.37260759637473 35.373721900602305 
-47.823991484266884 130.32446394674395 24.274186487706935 
-47.823991484266884 130.32446394674395 24.274186487706935 
-42.83169774221793 114.55811174803928 21.689171075056013 
-45.9353273179007 119.01443746611817 22.37136609228585 
-33.29618741292129 76.9877487677482 14.75338270419877 
-46.26449280578453 125.01546462948987 26.06556922756641 
-55.05609625458422 165.37494896106426 39.46739226453812 
-48.79263750536826 126.496150407521 26.242881936923936 
-51.256786547833485 140.78181682819454 28.650584640217335 
-51.256786547833485 140.78181682819454 28.650584640217335 
-45.35984244180166 116.03879752607041 21.866483784413536 
-48.399476360365924 133.30010388679173 24.779068795579246 
-53.10546387156799 160.77035302655503 34.55264872321556 
-45.35984244180166 116.03879752607041 21.866483784413536 
-56.329288702219685 182.38784521937697 44.86457403966403 
-48.424169996761364 135.0411388907599 25.96015414834935 
-47.848685120662324 132.06549895071214 25.455271840477035 
-53.130157507963425 162.5113880305232 35.73373407598566 
