-42.96874007033521 137.6478806821768 38.23168041746154 
-38.48435973062509 123.86025170889064 27.584365123018067 
-29.3484962706134 110.00267430722238 24.49611862603601 
-29.3484962706134 110.00267430722238 24.49611862603601 
-29.3484962706134 110.00267430722238 24.49611862603601 
-29.3484962706134 110.00267430722238 24.49611862603601 
-41.36442981572892 132.5015043891977 30.908871270440123 
-25.915701207046805 99.54532142577179 20.119720473525614 
-29.3484962706134 110.00267430722238 24.49611862603601 
-35.0515646670585 113.40289882744005 23.207966970507666 
-36.810777838880384 117.70147946186907 32.497471644862095 
-36.12193022079895 124.24620574984321 26.735966018930622 
-28.79577129215063 108.18657410607884 23.444226620947674 
-29.3484962706134 110.00267430722238 24.49611862603601 
